# Unicode 16.0.0 normalization extract; see tools/gen/extract_ucd.py
00C0;0;0041 0300;1
00C1;0;0041 0301;1
00C2;0;0041 0302;1
00C3;0;0041 0303;1
00C4;0;0041 0308;1
00C5;0;0041 030A;1
00C7;0;0043 0327;1
00C8;0;0045 0300;1
00C9;0;0045 0301;1
00CA;0;0045 0302;1
00CB;0;0045 0308;1
00CC;0;0049 0300;1
00CD;0;0049 0301;1
00CE;0;0049 0302;1
00CF;0;0049 0308;1
00D1;0;004E 0303;1
00D2;0;004F 0300;1
00D3;0;004F 0301;1
00D4;0;004F 0302;1
00D5;0;004F 0303;1
00D6;0;004F 0308;1
00D9;0;0055 0300;1
00DA;0;0055 0301;1
00DB;0;0055 0302;1
00DC;0;0055 0308;1
00DD;0;0059 0301;1
00E0;0;0061 0300;1
00E1;0;0061 0301;1
00E2;0;0061 0302;1
00E3;0;0061 0303;1
00E4;0;0061 0308;1
00E5;0;0061 030A;1
00E7;0;0063 0327;1
00E8;0;0065 0300;1
00E9;0;0065 0301;1
00EA;0;0065 0302;1
00EB;0;0065 0308;1
00EC;0;0069 0300;1
00ED;0;0069 0301;1
00EE;0;0069 0302;1
00EF;0;0069 0308;1
00F1;0;006E 0303;1
00F2;0;006F 0300;1
00F3;0;006F 0301;1
00F4;0;006F 0302;1
00F5;0;006F 0303;1
00F6;0;006F 0308;1
00F9;0;0075 0300;1
00FA;0;0075 0301;1
00FB;0;0075 0302;1
00FC;0;0075 0308;1
00FD;0;0079 0301;1
00FF;0;0079 0308;1
0100;0;0041 0304;1
0101;0;0061 0304;1
0102;0;0041 0306;1
0103;0;0061 0306;1
0104;0;0041 0328;1
0105;0;0061 0328;1
0106;0;0043 0301;1
0107;0;0063 0301;1
0108;0;0043 0302;1
0109;0;0063 0302;1
010A;0;0043 0307;1
010B;0;0063 0307;1
010C;0;0043 030C;1
010D;0;0063 030C;1
010E;0;0044 030C;1
010F;0;0064 030C;1
0112;0;0045 0304;1
0113;0;0065 0304;1
0114;0;0045 0306;1
0115;0;0065 0306;1
0116;0;0045 0307;1
0117;0;0065 0307;1
0118;0;0045 0328;1
0119;0;0065 0328;1
011A;0;0045 030C;1
011B;0;0065 030C;1
011C;0;0047 0302;1
011D;0;0067 0302;1
011E;0;0047 0306;1
011F;0;0067 0306;1
0120;0;0047 0307;1
0121;0;0067 0307;1
0122;0;0047 0327;1
0123;0;0067 0327;1
0124;0;0048 0302;1
0125;0;0068 0302;1
0128;0;0049 0303;1
0129;0;0069 0303;1
012A;0;0049 0304;1
012B;0;0069 0304;1
012C;0;0049 0306;1
012D;0;0069 0306;1
012E;0;0049 0328;1
012F;0;0069 0328;1
0130;0;0049 0307;1
0134;0;004A 0302;1
0135;0;006A 0302;1
0136;0;004B 0327;1
0137;0;006B 0327;1
0139;0;004C 0301;1
013A;0;006C 0301;1
013B;0;004C 0327;1
013C;0;006C 0327;1
013D;0;004C 030C;1
013E;0;006C 030C;1
0143;0;004E 0301;1
0144;0;006E 0301;1
0145;0;004E 0327;1
0146;0;006E 0327;1
0147;0;004E 030C;1
0148;0;006E 030C;1
014C;0;004F 0304;1
014D;0;006F 0304;1
014E;0;004F 0306;1
014F;0;006F 0306;1
0150;0;004F 030B;1
0151;0;006F 030B;1
0154;0;0052 0301;1
0155;0;0072 0301;1
0156;0;0052 0327;1
0157;0;0072 0327;1
0158;0;0052 030C;1
0159;0;0072 030C;1
015A;0;0053 0301;1
015B;0;0073 0301;1
015C;0;0053 0302;1
015D;0;0073 0302;1
015E;0;0053 0327;1
015F;0;0073 0327;1
0160;0;0053 030C;1
0161;0;0073 030C;1
0162;0;0054 0327;1
0163;0;0074 0327;1
0164;0;0054 030C;1
0165;0;0074 030C;1
0168;0;0055 0303;1
0169;0;0075 0303;1
016A;0;0055 0304;1
016B;0;0075 0304;1
016C;0;0055 0306;1
016D;0;0075 0306;1
016E;0;0055 030A;1
016F;0;0075 030A;1
0170;0;0055 030B;1
0171;0;0075 030B;1
0172;0;0055 0328;1
0173;0;0075 0328;1
0174;0;0057 0302;1
0175;0;0077 0302;1
0176;0;0059 0302;1
0177;0;0079 0302;1
0178;0;0059 0308;1
0179;0;005A 0301;1
017A;0;007A 0301;1
017B;0;005A 0307;1
017C;0;007A 0307;1
017D;0;005A 030C;1
017E;0;007A 030C;1
01A0;0;004F 031B;1
01A1;0;006F 031B;1
01AF;0;0055 031B;1
01B0;0;0075 031B;1
01CD;0;0041 030C;1
01CE;0;0061 030C;1
01CF;0;0049 030C;1
01D0;0;0069 030C;1
01D1;0;004F 030C;1
01D2;0;006F 030C;1
01D3;0;0055 030C;1
01D4;0;0075 030C;1
01D5;0;00DC 0304;1
01D6;0;00FC 0304;1
01D7;0;00DC 0301;1
01D8;0;00FC 0301;1
01D9;0;00DC 030C;1
01DA;0;00FC 030C;1
01DB;0;00DC 0300;1
01DC;0;00FC 0300;1
01DE;0;00C4 0304;1
01DF;0;00E4 0304;1
01E0;0;0226 0304;1
01E1;0;0227 0304;1
01E2;0;00C6 0304;1
01E3;0;00E6 0304;1
01E6;0;0047 030C;1
01E7;0;0067 030C;1
01E8;0;004B 030C;1
01E9;0;006B 030C;1
01EA;0;004F 0328;1
01EB;0;006F 0328;1
01EC;0;01EA 0304;1
01ED;0;01EB 0304;1
01EE;0;01B7 030C;1
01EF;0;0292 030C;1
01F0;0;006A 030C;1
01F4;0;0047 0301;1
01F5;0;0067 0301;1
01F8;0;004E 0300;1
01F9;0;006E 0300;1
01FA;0;00C5 0301;1
01FB;0;00E5 0301;1
01FC;0;00C6 0301;1
01FD;0;00E6 0301;1
01FE;0;00D8 0301;1
01FF;0;00F8 0301;1
0200;0;0041 030F;1
0201;0;0061 030F;1
0202;0;0041 0311;1
0203;0;0061 0311;1
0204;0;0045 030F;1
0205;0;0065 030F;1
0206;0;0045 0311;1
0207;0;0065 0311;1
0208;0;0049 030F;1
0209;0;0069 030F;1
020A;0;0049 0311;1
020B;0;0069 0311;1
020C;0;004F 030F;1
020D;0;006F 030F;1
020E;0;004F 0311;1
020F;0;006F 0311;1
0210;0;0052 030F;1
0211;0;0072 030F;1
0212;0;0052 0311;1
0213;0;0072 0311;1
0214;0;0055 030F;1
0215;0;0075 030F;1
0216;0;0055 0311;1
0217;0;0075 0311;1
0218;0;0053 0326;1
0219;0;0073 0326;1
021A;0;0054 0326;1
021B;0;0074 0326;1
021E;0;0048 030C;1
021F;0;0068 030C;1
0226;0;0041 0307;1
0227;0;0061 0307;1
0228;0;0045 0327;1
0229;0;0065 0327;1
022A;0;00D6 0304;1
022B;0;00F6 0304;1
022C;0;00D5 0304;1
022D;0;00F5 0304;1
022E;0;004F 0307;1
022F;0;006F 0307;1
0230;0;022E 0304;1
0231;0;022F 0304;1
0232;0;0059 0304;1
0233;0;0079 0304;1
0300;230;;0
0301;230;;0
0302;230;;0
0303;230;;0
0304;230;;0
0305;230;;0
0306;230;;0
0307;230;;0
0308;230;;0
0309;230;;0
030A;230;;0
030B;230;;0
030C;230;;0
030D;230;;0
030E;230;;0
030F;230;;0
0310;230;;0
0311;230;;0
0312;230;;0
0313;230;;0
0314;230;;0
0315;232;;0
0316;220;;0
0317;220;;0
0318;220;;0
0319;220;;0
031A;232;;0
031B;216;;0
031C;220;;0
031D;220;;0
031E;220;;0
031F;220;;0
0320;220;;0
0321;202;;0
0322;202;;0
0323;220;;0
0324;220;;0
0325;220;;0
0326;220;;0
0327;202;;0
0328;202;;0
0329;220;;0
032A;220;;0
032B;220;;0
032C;220;;0
032D;220;;0
032E;220;;0
032F;220;;0
0330;220;;0
0331;220;;0
0332;220;;0
0333;220;;0
0334;1;;0
0335;1;;0
0336;1;;0
0337;1;;0
0338;1;;0
0339;220;;0
033A;220;;0
033B;220;;0
033C;220;;0
033D;230;;0
033E;230;;0
033F;230;;0
0340;230;0300;0
0341;230;0301;0
0342;230;;0
0343;230;0313;0
0344;230;0308 0301;0
0345;240;;0
0346;230;;0
0347;220;;0
0348;220;;0
0349;220;;0
034A;230;;0
034B;230;;0
034C;230;;0
034D;220;;0
034E;220;;0
0350;230;;0
0351;230;;0
0352;230;;0
0353;220;;0
0354;220;;0
0355;220;;0
0356;220;;0
0357;230;;0
0358;232;;0
0359;220;;0
035A;220;;0
035B;230;;0
035C;233;;0
035D;234;;0
035E;234;;0
035F;233;;0
0360;234;;0
0361;234;;0
0362;233;;0
0363;230;;0
0364;230;;0
0365;230;;0
0366;230;;0
0367;230;;0
0368;230;;0
0369;230;;0
036A;230;;0
036B;230;;0
036C;230;;0
036D;230;;0
036E;230;;0
036F;230;;0
0374;0;02B9;0
037E;0;003B;0
0385;0;00A8 0301;1
0386;0;0391 0301;1
0387;0;00B7;0
0388;0;0395 0301;1
0389;0;0397 0301;1
038A;0;0399 0301;1
038C;0;039F 0301;1
038E;0;03A5 0301;1
038F;0;03A9 0301;1
0390;0;03CA 0301;1
03AA;0;0399 0308;1
03AB;0;03A5 0308;1
03AC;0;03B1 0301;1
03AD;0;03B5 0301;1
03AE;0;03B7 0301;1
03AF;0;03B9 0301;1
03B0;0;03CB 0301;1
03CA;0;03B9 0308;1
03CB;0;03C5 0308;1
03CC;0;03BF 0301;1
03CD;0;03C5 0301;1
03CE;0;03C9 0301;1
03D3;0;03D2 0301;1
03D4;0;03D2 0308;1
0400;0;0415 0300;1
0401;0;0415 0308;1
0403;0;0413 0301;1
0407;0;0406 0308;1
040C;0;041A 0301;1
040D;0;0418 0300;1
040E;0;0423 0306;1
0419;0;0418 0306;1
0439;0;0438 0306;1
0450;0;0435 0300;1
0451;0;0435 0308;1
0453;0;0433 0301;1
0457;0;0456 0308;1
045C;0;043A 0301;1
045D;0;0438 0300;1
045E;0;0443 0306;1
0476;0;0474 030F;1
0477;0;0475 030F;1
0483;230;;0
0484;230;;0
0485;230;;0
0486;230;;0
0487;230;;0
04C1;0;0416 0306;1
04C2;0;0436 0306;1
04D0;0;0410 0306;1
04D1;0;0430 0306;1
04D2;0;0410 0308;1
04D3;0;0430 0308;1
04D6;0;0415 0306;1
04D7;0;0435 0306;1
04DA;0;04D8 0308;1
04DB;0;04D9 0308;1
04DC;0;0416 0308;1
04DD;0;0436 0308;1
04DE;0;0417 0308;1
04DF;0;0437 0308;1
04E2;0;0418 0304;1
04E3;0;0438 0304;1
04E4;0;0418 0308;1
04E5;0;0438 0308;1
04E6;0;041E 0308;1
04E7;0;043E 0308;1
04EA;0;04E8 0308;1
04EB;0;04E9 0308;1
04EC;0;042D 0308;1
04ED;0;044D 0308;1
04EE;0;0423 0304;1
04EF;0;0443 0304;1
04F0;0;0423 0308;1
04F1;0;0443 0308;1
04F2;0;0423 030B;1
04F3;0;0443 030B;1
04F4;0;0427 0308;1
04F5;0;0447 0308;1
04F8;0;042B 0308;1
04F9;0;044B 0308;1
0591;220;;0
0592;230;;0
0593;230;;0
0594;230;;0
0595;230;;0
0596;220;;0
0597;230;;0
0598;230;;0
0599;230;;0
059A;222;;0
059B;220;;0
059C;230;;0
059D;230;;0
059E;230;;0
059F;230;;0
05A0;230;;0
05A1;230;;0
05A2;220;;0
05A3;220;;0
05A4;220;;0
05A5;220;;0
05A6;220;;0
05A7;220;;0
05A8;230;;0
05A9;230;;0
05AA;220;;0
05AB;230;;0
05AC;230;;0
05AD;222;;0
05AE;228;;0
05AF;230;;0
05B0;10;;0
05B1;11;;0
05B2;12;;0
05B3;13;;0
05B4;14;;0
05B5;15;;0
05B6;16;;0
05B7;17;;0
05B8;18;;0
05B9;19;;0
05BA;19;;0
05BB;20;;0
05BC;21;;0
05BD;22;;0
05BF;23;;0
05C1;24;;0
05C2;25;;0
05C4;230;;0
05C5;220;;0
05C7;18;;0
0610;230;;0
0611;230;;0
0612;230;;0
0613;230;;0
0614;230;;0
0615;230;;0
0616;230;;0
0617;230;;0
0618;30;;0
0619;31;;0
061A;32;;0
0622;0;0627 0653;1
0623;0;0627 0654;1
0624;0;0648 0654;1
0625;0;0627 0655;1
0626;0;064A 0654;1
064B;27;;0
064C;28;;0
064D;29;;0
064E;30;;0
064F;31;;0
0650;32;;0
0651;33;;0
0652;34;;0
0653;230;;0
0654;230;;0
0655;220;;0
0656;220;;0
0657;230;;0
0658;230;;0
0659;230;;0
065A;230;;0
065B;230;;0
065C;220;;0
065D;230;;0
065E;230;;0
065F;220;;0
0670;35;;0
06C0;0;06D5 0654;1
06C2;0;06C1 0654;1
06D3;0;06D2 0654;1
06D6;230;;0
06D7;230;;0
06D8;230;;0
06D9;230;;0
06DA;230;;0
06DB;230;;0
06DC;230;;0
06DF;230;;0
06E0;230;;0
06E1;230;;0
06E2;230;;0
06E3;220;;0
06E4;230;;0
06E7;230;;0
06E8;230;;0
06EA;220;;0
06EB;230;;0
06EC;230;;0
06ED;220;;0
0711;36;;0
0730;230;;0
0731;220;;0
0732;230;;0
0733;230;;0
0734;220;;0
0735;230;;0
0736;230;;0
0737;220;;0
0738;220;;0
0739;220;;0
073A;230;;0
073B;220;;0
073C;220;;0
073D;230;;0
073E;220;;0
073F;230;;0
0740;230;;0
0741;230;;0
0742;220;;0
0743;230;;0
0744;220;;0
0745;230;;0
0746;220;;0
0747;230;;0
0748;220;;0
0749;230;;0
074A;230;;0
07EB;230;;0
07EC;230;;0
07ED;230;;0
07EE;230;;0
07EF;230;;0
07F0;230;;0
07F1;230;;0
07F2;220;;0
07F3;230;;0
07FD;220;;0
0816;230;;0
0817;230;;0
0818;230;;0
0819;230;;0
081B;230;;0
081C;230;;0
081D;230;;0
081E;230;;0
081F;230;;0
0820;230;;0
0821;230;;0
0822;230;;0
0823;230;;0
0825;230;;0
0826;230;;0
0827;230;;0
0829;230;;0
082A;230;;0
082B;230;;0
082C;230;;0
082D;230;;0
0859;220;;0
085A;220;;0
085B;220;;0
0897;230;;0
0898;230;;0
0899;220;;0
089A;220;;0
089B;220;;0
089C;230;;0
089D;230;;0
089E;230;;0
089F;230;;0
08CA;230;;0
08CB;230;;0
08CC;230;;0
08CD;230;;0
08CE;230;;0
08CF;220;;0
08D0;220;;0
08D1;220;;0
08D2;220;;0
08D3;220;;0
08D4;230;;0
08D5;230;;0
08D6;230;;0
08D7;230;;0
08D8;230;;0
08D9;230;;0
08DA;230;;0
08DB;230;;0
08DC;230;;0
08DD;230;;0
08DE;230;;0
08DF;230;;0
08E0;230;;0
08E1;230;;0
08E3;220;;0
08E4;230;;0
08E5;230;;0
08E6;220;;0
08E7;230;;0
08E8;230;;0
08E9;220;;0
08EA;230;;0
08EB;230;;0
08EC;230;;0
08ED;220;;0
08EE;220;;0
08EF;220;;0
08F0;27;;0
08F1;28;;0
08F2;29;;0
08F3;230;;0
08F4;230;;0
08F5;230;;0
08F6;220;;0
08F7;230;;0
08F8;230;;0
08F9;220;;0
08FA;220;;0
08FB;230;;0
08FC;230;;0
08FD;230;;0
08FE;230;;0
08FF;230;;0
0929;0;0928 093C;1
0931;0;0930 093C;1
0934;0;0933 093C;1
093C;7;;0
094D;9;;0
0951;230;;0
0952;220;;0
0953;230;;0
0954;230;;0
0958;0;0915 093C;0
0959;0;0916 093C;0
095A;0;0917 093C;0
095B;0;091C 093C;0
095C;0;0921 093C;0
095D;0;0922 093C;0
095E;0;092B 093C;0
095F;0;092F 093C;0
09BC;7;;0
09CB;0;09C7 09BE;1
09CC;0;09C7 09D7;1
09CD;9;;0
09DC;0;09A1 09BC;0
09DD;0;09A2 09BC;0
09DF;0;09AF 09BC;0
09FE;230;;0
0A33;0;0A32 0A3C;0
0A36;0;0A38 0A3C;0
0A3C;7;;0
0A4D;9;;0
0A59;0;0A16 0A3C;0
0A5A;0;0A17 0A3C;0
0A5B;0;0A1C 0A3C;0
0A5E;0;0A2B 0A3C;0
0ABC;7;;0
0ACD;9;;0
0B3C;7;;0
0B48;0;0B47 0B56;1
0B4B;0;0B47 0B3E;1
0B4C;0;0B47 0B57;1
0B4D;9;;0
0B5C;0;0B21 0B3C;0
0B5D;0;0B22 0B3C;0
0B94;0;0B92 0BD7;1
0BCA;0;0BC6 0BBE;1
0BCB;0;0BC7 0BBE;1
0BCC;0;0BC6 0BD7;1
0BCD;9;;0
0C3C;7;;0
0C48;0;0C46 0C56;1
0C4D;9;;0
0C55;84;;0
0C56;91;;0
0CBC;7;;0
0CC0;0;0CBF 0CD5;1
0CC7;0;0CC6 0CD5;1
0CC8;0;0CC6 0CD6;1
0CCA;0;0CC6 0CC2;1
0CCB;0;0CCA 0CD5;1
0CCD;9;;0
0D3B;9;;0
0D3C;9;;0
0D4A;0;0D46 0D3E;1
0D4B;0;0D47 0D3E;1
0D4C;0;0D46 0D57;1
0D4D;9;;0
0DCA;9;;0
0DDA;0;0DD9 0DCA;1
0DDC;0;0DD9 0DCF;1
0DDD;0;0DDC 0DCA;1
0DDE;0;0DD9 0DDF;1
0E38;103;;0
0E39;103;;0
0E3A;9;;0
0E48;107;;0
0E49;107;;0
0E4A;107;;0
0E4B;107;;0
0EB8;118;;0
0EB9;118;;0
0EBA;9;;0
0EC8;122;;0
0EC9;122;;0
0ECA;122;;0
0ECB;122;;0
0F18;220;;0
0F19;220;;0
0F35;220;;0
0F37;220;;0
0F39;216;;0
0F43;0;0F42 0FB7;0
0F4D;0;0F4C 0FB7;0
0F52;0;0F51 0FB7;0
0F57;0;0F56 0FB7;0
0F5C;0;0F5B 0FB7;0
0F69;0;0F40 0FB5;0
0F71;129;;0
0F72;130;;0
0F73;0;0F71 0F72;0
0F74;132;;0
0F75;0;0F71 0F74;0
0F76;0;0FB2 0F80;0
0F78;0;0FB3 0F80;0
0F7A;130;;0
0F7B;130;;0
0F7C;130;;0
0F7D;130;;0
0F80;130;;0
0F81;0;0F71 0F80;0
0F82;230;;0
0F83;230;;0
0F84;9;;0
0F86;230;;0
0F87;230;;0
0F93;0;0F92 0FB7;0
0F9D;0;0F9C 0FB7;0
0FA2;0;0FA1 0FB7;0
0FA7;0;0FA6 0FB7;0
0FAC;0;0FAB 0FB7;0
0FB9;0;0F90 0FB5;0
0FC6;220;;0
1026;0;1025 102E;1
1037;7;;0
1039;9;;0
103A;9;;0
108D;220;;0
135D;230;;0
135E;230;;0
135F;230;;0
1714;9;;0
1715;9;;0
1734;9;;0
17D2;9;;0
17DD;230;;0
18A9;228;;0
1939;222;;0
193A;230;;0
193B;220;;0
1A17;230;;0
1A18;220;;0
1A60;9;;0
1A75;230;;0
1A76;230;;0
1A77;230;;0
1A78;230;;0
1A79;230;;0
1A7A;230;;0
1A7B;230;;0
1A7C;230;;0
1A7F;220;;0
1AB0;230;;0
1AB1;230;;0
1AB2;230;;0
1AB3;230;;0
1AB4;230;;0
1AB5;220;;0
1AB6;220;;0
1AB7;220;;0
1AB8;220;;0
1AB9;220;;0
1ABA;220;;0
1ABB;230;;0
1ABC;230;;0
1ABD;220;;0
1ABF;220;;0
1AC0;220;;0
1AC1;230;;0
1AC2;230;;0
1AC3;220;;0
1AC4;220;;0
1AC5;230;;0
1AC6;230;;0
1AC7;230;;0
1AC8;230;;0
1AC9;230;;0
1ACA;220;;0
1ACB;230;;0
1ACC;230;;0
1ACD;230;;0
1ACE;230;;0
1B06;0;1B05 1B35;1
1B08;0;1B07 1B35;1
1B0A;0;1B09 1B35;1
1B0C;0;1B0B 1B35;1
1B0E;0;1B0D 1B35;1
1B12;0;1B11 1B35;1
1B34;7;;0
1B3B;0;1B3A 1B35;1
1B3D;0;1B3C 1B35;1
1B40;0;1B3E 1B35;1
1B41;0;1B3F 1B35;1
1B43;0;1B42 1B35;1
1B44;9;;0
1B6B;230;;0
1B6C;220;;0
1B6D;230;;0
1B6E;230;;0
1B6F;230;;0
1B70;230;;0
1B71;230;;0
1B72;230;;0
1B73;230;;0
1BAA;9;;0
1BAB;9;;0
1BE6;7;;0
1BF2;9;;0
1BF3;9;;0
1C37;7;;0
1CD0;230;;0
1CD1;230;;0
1CD2;230;;0
1CD4;1;;0
1CD5;220;;0
1CD6;220;;0
1CD7;220;;0
1CD8;220;;0
1CD9;220;;0
1CDA;230;;0
1CDB;230;;0
1CDC;220;;0
1CDD;220;;0
1CDE;220;;0
1CDF;220;;0
1CE0;230;;0
1CE2;1;;0
1CE3;1;;0
1CE4;1;;0
1CE5;1;;0
1CE6;1;;0
1CE7;1;;0
1CE8;1;;0
1CED;220;;0
1CF4;230;;0
1CF8;230;;0
1CF9;230;;0
1DC0;230;;0
1DC1;230;;0
1DC2;220;;0
1DC3;230;;0
1DC4;230;;0
1DC5;230;;0
1DC6;230;;0
1DC7;230;;0
1DC8;230;;0
1DC9;230;;0
1DCA;220;;0
1DCB;230;;0
1DCC;230;;0
1DCD;234;;0
1DCE;214;;0
1DCF;220;;0
1DD0;202;;0
1DD1;230;;0
1DD2;230;;0
1DD3;230;;0
1DD4;230;;0
1DD5;230;;0
1DD6;230;;0
1DD7;230;;0
1DD8;230;;0
1DD9;230;;0
1DDA;230;;0
1DDB;230;;0
1DDC;230;;0
1DDD;230;;0
1DDE;230;;0
1DDF;230;;0
1DE0;230;;0
1DE1;230;;0
1DE2;230;;0
1DE3;230;;0
1DE4;230;;0
1DE5;230;;0
1DE6;230;;0
1DE7;230;;0
1DE8;230;;0
1DE9;230;;0
1DEA;230;;0
1DEB;230;;0
1DEC;230;;0
1DED;230;;0
1DEE;230;;0
1DEF;230;;0
1DF0;230;;0
1DF1;230;;0
1DF2;230;;0
1DF3;230;;0
1DF4;230;;0
1DF5;230;;0
1DF6;232;;0
1DF7;228;;0
1DF8;228;;0
1DF9;220;;0
1DFA;218;;0
1DFB;230;;0
1DFC;233;;0
1DFD;220;;0
1DFE;230;;0
1DFF;220;;0
1E00;0;0041 0325;1
1E01;0;0061 0325;1
1E02;0;0042 0307;1
1E03;0;0062 0307;1
1E04;0;0042 0323;1
1E05;0;0062 0323;1
1E06;0;0042 0331;1
1E07;0;0062 0331;1
1E08;0;00C7 0301;1
1E09;0;00E7 0301;1
1E0A;0;0044 0307;1
1E0B;0;0064 0307;1
1E0C;0;0044 0323;1
1E0D;0;0064 0323;1
1E0E;0;0044 0331;1
1E0F;0;0064 0331;1
1E10;0;0044 0327;1
1E11;0;0064 0327;1
1E12;0;0044 032D;1
1E13;0;0064 032D;1
1E14;0;0112 0300;1
1E15;0;0113 0300;1
1E16;0;0112 0301;1
1E17;0;0113 0301;1
1E18;0;0045 032D;1
1E19;0;0065 032D;1
1E1A;0;0045 0330;1
1E1B;0;0065 0330;1
1E1C;0;0228 0306;1
1E1D;0;0229 0306;1
1E1E;0;0046 0307;1
1E1F;0;0066 0307;1
1E20;0;0047 0304;1
1E21;0;0067 0304;1
1E22;0;0048 0307;1
1E23;0;0068 0307;1
1E24;0;0048 0323;1
1E25;0;0068 0323;1
1E26;0;0048 0308;1
1E27;0;0068 0308;1
1E28;0;0048 0327;1
1E29;0;0068 0327;1
1E2A;0;0048 032E;1
1E2B;0;0068 032E;1
1E2C;0;0049 0330;1
1E2D;0;0069 0330;1
1E2E;0;00CF 0301;1
1E2F;0;00EF 0301;1
1E30;0;004B 0301;1
1E31;0;006B 0301;1
1E32;0;004B 0323;1
1E33;0;006B 0323;1
1E34;0;004B 0331;1
1E35;0;006B 0331;1
1E36;0;004C 0323;1
1E37;0;006C 0323;1
1E38;0;1E36 0304;1
1E39;0;1E37 0304;1
1E3A;0;004C 0331;1
1E3B;0;006C 0331;1
1E3C;0;004C 032D;1
1E3D;0;006C 032D;1
1E3E;0;004D 0301;1
1E3F;0;006D 0301;1
1E40;0;004D 0307;1
1E41;0;006D 0307;1
1E42;0;004D 0323;1
1E43;0;006D 0323;1
1E44;0;004E 0307;1
1E45;0;006E 0307;1
1E46;0;004E 0323;1
1E47;0;006E 0323;1
1E48;0;004E 0331;1
1E49;0;006E 0331;1
1E4A;0;004E 032D;1
1E4B;0;006E 032D;1
1E4C;0;00D5 0301;1
1E4D;0;00F5 0301;1
1E4E;0;00D5 0308;1
1E4F;0;00F5 0308;1
1E50;0;014C 0300;1
1E51;0;014D 0300;1
1E52;0;014C 0301;1
1E53;0;014D 0301;1
1E54;0;0050 0301;1
1E55;0;0070 0301;1
1E56;0;0050 0307;1
1E57;0;0070 0307;1
1E58;0;0052 0307;1
1E59;0;0072 0307;1
1E5A;0;0052 0323;1
1E5B;0;0072 0323;1
1E5C;0;1E5A 0304;1
1E5D;0;1E5B 0304;1
1E5E;0;0052 0331;1
1E5F;0;0072 0331;1
1E60;0;0053 0307;1
1E61;0;0073 0307;1
1E62;0;0053 0323;1
1E63;0;0073 0323;1
1E64;0;015A 0307;1
1E65;0;015B 0307;1
1E66;0;0160 0307;1
1E67;0;0161 0307;1
1E68;0;1E62 0307;1
1E69;0;1E63 0307;1
1E6A;0;0054 0307;1
1E6B;0;0074 0307;1
1E6C;0;0054 0323;1
1E6D;0;0074 0323;1
1E6E;0;0054 0331;1
1E6F;0;0074 0331;1
1E70;0;0054 032D;1
1E71;0;0074 032D;1
1E72;0;0055 0324;1
1E73;0;0075 0324;1
1E74;0;0055 0330;1
1E75;0;0075 0330;1
1E76;0;0055 032D;1
1E77;0;0075 032D;1
1E78;0;0168 0301;1
1E79;0;0169 0301;1
1E7A;0;016A 0308;1
1E7B;0;016B 0308;1
1E7C;0;0056 0303;1
1E7D;0;0076 0303;1
1E7E;0;0056 0323;1
1E7F;0;0076 0323;1
1E80;0;0057 0300;1
1E81;0;0077 0300;1
1E82;0;0057 0301;1
1E83;0;0077 0301;1
1E84;0;0057 0308;1
1E85;0;0077 0308;1
1E86;0;0057 0307;1
1E87;0;0077 0307;1
1E88;0;0057 0323;1
1E89;0;0077 0323;1
1E8A;0;0058 0307;1
1E8B;0;0078 0307;1
1E8C;0;0058 0308;1
1E8D;0;0078 0308;1
1E8E;0;0059 0307;1
1E8F;0;0079 0307;1
1E90;0;005A 0302;1
1E91;0;007A 0302;1
1E92;0;005A 0323;1
1E93;0;007A 0323;1
1E94;0;005A 0331;1
1E95;0;007A 0331;1
1E96;0;0068 0331;1
1E97;0;0074 0308;1
1E98;0;0077 030A;1
1E99;0;0079 030A;1
1E9B;0;017F 0307;1
1EA0;0;0041 0323;1
1EA1;0;0061 0323;1
1EA2;0;0041 0309;1
1EA3;0;0061 0309;1
1EA4;0;00C2 0301;1
1EA5;0;00E2 0301;1
1EA6;0;00C2 0300;1
1EA7;0;00E2 0300;1
1EA8;0;00C2 0309;1
1EA9;0;00E2 0309;1
1EAA;0;00C2 0303;1
1EAB;0;00E2 0303;1
1EAC;0;1EA0 0302;1
1EAD;0;1EA1 0302;1
1EAE;0;0102 0301;1
1EAF;0;0103 0301;1
1EB0;0;0102 0300;1
1EB1;0;0103 0300;1
1EB2;0;0102 0309;1
1EB3;0;0103 0309;1
1EB4;0;0102 0303;1
1EB5;0;0103 0303;1
1EB6;0;1EA0 0306;1
1EB7;0;1EA1 0306;1
1EB8;0;0045 0323;1
1EB9;0;0065 0323;1
1EBA;0;0045 0309;1
1EBB;0;0065 0309;1
1EBC;0;0045 0303;1
1EBD;0;0065 0303;1
1EBE;0;00CA 0301;1
1EBF;0;00EA 0301;1
1EC0;0;00CA 0300;1
1EC1;0;00EA 0300;1
1EC2;0;00CA 0309;1
1EC3;0;00EA 0309;1
1EC4;0;00CA 0303;1
1EC5;0;00EA 0303;1
1EC6;0;1EB8 0302;1
1EC7;0;1EB9 0302;1
1EC8;0;0049 0309;1
1EC9;0;0069 0309;1
1ECA;0;0049 0323;1
1ECB;0;0069 0323;1
1ECC;0;004F 0323;1
1ECD;0;006F 0323;1
1ECE;0;004F 0309;1
1ECF;0;006F 0309;1
1ED0;0;00D4 0301;1
1ED1;0;00F4 0301;1
1ED2;0;00D4 0300;1
1ED3;0;00F4 0300;1
1ED4;0;00D4 0309;1
1ED5;0;00F4 0309;1
1ED6;0;00D4 0303;1
1ED7;0;00F4 0303;1
1ED8;0;1ECC 0302;1
1ED9;0;1ECD 0302;1
1EDA;0;01A0 0301;1
1EDB;0;01A1 0301;1
1EDC;0;01A0 0300;1
1EDD;0;01A1 0300;1
1EDE;0;01A0 0309;1
1EDF;0;01A1 0309;1
1EE0;0;01A0 0303;1
1EE1;0;01A1 0303;1
1EE2;0;01A0 0323;1
1EE3;0;01A1 0323;1
1EE4;0;0055 0323;1
1EE5;0;0075 0323;1
1EE6;0;0055 0309;1
1EE7;0;0075 0309;1
1EE8;0;01AF 0301;1
1EE9;0;01B0 0301;1
1EEA;0;01AF 0300;1
1EEB;0;01B0 0300;1
1EEC;0;01AF 0309;1
1EED;0;01B0 0309;1
1EEE;0;01AF 0303;1
1EEF;0;01B0 0303;1
1EF0;0;01AF 0323;1
1EF1;0;01B0 0323;1
1EF2;0;0059 0300;1
1EF3;0;0079 0300;1
1EF4;0;0059 0323;1
1EF5;0;0079 0323;1
1EF6;0;0059 0309;1
1EF7;0;0079 0309;1
1EF8;0;0059 0303;1
1EF9;0;0079 0303;1
1F00;0;03B1 0313;1
1F01;0;03B1 0314;1
1F02;0;1F00 0300;1
1F03;0;1F01 0300;1
1F04;0;1F00 0301;1
1F05;0;1F01 0301;1
1F06;0;1F00 0342;1
1F07;0;1F01 0342;1
1F08;0;0391 0313;1
1F09;0;0391 0314;1
1F0A;0;1F08 0300;1
1F0B;0;1F09 0300;1
1F0C;0;1F08 0301;1
1F0D;0;1F09 0301;1
1F0E;0;1F08 0342;1
1F0F;0;1F09 0342;1
1F10;0;03B5 0313;1
1F11;0;03B5 0314;1
1F12;0;1F10 0300;1
1F13;0;1F11 0300;1
1F14;0;1F10 0301;1
1F15;0;1F11 0301;1
1F18;0;0395 0313;1
1F19;0;0395 0314;1
1F1A;0;1F18 0300;1
1F1B;0;1F19 0300;1
1F1C;0;1F18 0301;1
1F1D;0;1F19 0301;1
1F20;0;03B7 0313;1
1F21;0;03B7 0314;1
1F22;0;1F20 0300;1
1F23;0;1F21 0300;1
1F24;0;1F20 0301;1
1F25;0;1F21 0301;1
1F26;0;1F20 0342;1
1F27;0;1F21 0342;1
1F28;0;0397 0313;1
1F29;0;0397 0314;1
1F2A;0;1F28 0300;1
1F2B;0;1F29 0300;1
1F2C;0;1F28 0301;1
1F2D;0;1F29 0301;1
1F2E;0;1F28 0342;1
1F2F;0;1F29 0342;1
1F30;0;03B9 0313;1
1F31;0;03B9 0314;1
1F32;0;1F30 0300;1
1F33;0;1F31 0300;1
1F34;0;1F30 0301;1
1F35;0;1F31 0301;1
1F36;0;1F30 0342;1
1F37;0;1F31 0342;1
1F38;0;0399 0313;1
1F39;0;0399 0314;1
1F3A;0;1F38 0300;1
1F3B;0;1F39 0300;1
1F3C;0;1F38 0301;1
1F3D;0;1F39 0301;1
1F3E;0;1F38 0342;1
1F3F;0;1F39 0342;1
1F40;0;03BF 0313;1
1F41;0;03BF 0314;1
1F42;0;1F40 0300;1
1F43;0;1F41 0300;1
1F44;0;1F40 0301;1
1F45;0;1F41 0301;1
1F48;0;039F 0313;1
1F49;0;039F 0314;1
1F4A;0;1F48 0300;1
1F4B;0;1F49 0300;1
1F4C;0;1F48 0301;1
1F4D;0;1F49 0301;1
1F50;0;03C5 0313;1
1F51;0;03C5 0314;1
1F52;0;1F50 0300;1
1F53;0;1F51 0300;1
1F54;0;1F50 0301;1
1F55;0;1F51 0301;1
1F56;0;1F50 0342;1
1F57;0;1F51 0342;1
1F59;0;03A5 0314;1
1F5B;0;1F59 0300;1
1F5D;0;1F59 0301;1
1F5F;0;1F59 0342;1
1F60;0;03C9 0313;1
1F61;0;03C9 0314;1
1F62;0;1F60 0300;1
1F63;0;1F61 0300;1
1F64;0;1F60 0301;1
1F65;0;1F61 0301;1
1F66;0;1F60 0342;1
1F67;0;1F61 0342;1
1F68;0;03A9 0313;1
1F69;0;03A9 0314;1
1F6A;0;1F68 0300;1
1F6B;0;1F69 0300;1
1F6C;0;1F68 0301;1
1F6D;0;1F69 0301;1
1F6E;0;1F68 0342;1
1F6F;0;1F69 0342;1
1F70;0;03B1 0300;1
1F71;0;03AC;0
1F72;0;03B5 0300;1
1F73;0;03AD;0
1F74;0;03B7 0300;1
1F75;0;03AE;0
1F76;0;03B9 0300;1
1F77;0;03AF;0
1F78;0;03BF 0300;1
1F79;0;03CC;0
1F7A;0;03C5 0300;1
1F7B;0;03CD;0
1F7C;0;03C9 0300;1
1F7D;0;03CE;0
1F80;0;1F00 0345;1
1F81;0;1F01 0345;1
1F82;0;1F02 0345;1
1F83;0;1F03 0345;1
1F84;0;1F04 0345;1
1F85;0;1F05 0345;1
1F86;0;1F06 0345;1
1F87;0;1F07 0345;1
1F88;0;1F08 0345;1
1F89;0;1F09 0345;1
1F8A;0;1F0A 0345;1
1F8B;0;1F0B 0345;1
1F8C;0;1F0C 0345;1
1F8D;0;1F0D 0345;1
1F8E;0;1F0E 0345;1
1F8F;0;1F0F 0345;1
1F90;0;1F20 0345;1
1F91;0;1F21 0345;1
1F92;0;1F22 0345;1
1F93;0;1F23 0345;1
1F94;0;1F24 0345;1
1F95;0;1F25 0345;1
1F96;0;1F26 0345;1
1F97;0;1F27 0345;1
1F98;0;1F28 0345;1
1F99;0;1F29 0345;1
1F9A;0;1F2A 0345;1
1F9B;0;1F2B 0345;1
1F9C;0;1F2C 0345;1
1F9D;0;1F2D 0345;1
1F9E;0;1F2E 0345;1
1F9F;0;1F2F 0345;1
1FA0;0;1F60 0345;1
1FA1;0;1F61 0345;1
1FA2;0;1F62 0345;1
1FA3;0;1F63 0345;1
1FA4;0;1F64 0345;1
1FA5;0;1F65 0345;1
1FA6;0;1F66 0345;1
1FA7;0;1F67 0345;1
1FA8;0;1F68 0345;1
1FA9;0;1F69 0345;1
1FAA;0;1F6A 0345;1
1FAB;0;1F6B 0345;1
1FAC;0;1F6C 0345;1
1FAD;0;1F6D 0345;1
1FAE;0;1F6E 0345;1
1FAF;0;1F6F 0345;1
1FB0;0;03B1 0306;1
1FB1;0;03B1 0304;1
1FB2;0;1F70 0345;1
1FB3;0;03B1 0345;1
1FB4;0;03AC 0345;1
1FB6;0;03B1 0342;1
1FB7;0;1FB6 0345;1
1FB8;0;0391 0306;1
1FB9;0;0391 0304;1
1FBA;0;0391 0300;1
1FBB;0;0386;0
1FBC;0;0391 0345;1
1FBE;0;03B9;0
1FC1;0;00A8 0342;1
1FC2;0;1F74 0345;1
1FC3;0;03B7 0345;1
1FC4;0;03AE 0345;1
1FC6;0;03B7 0342;1
1FC7;0;1FC6 0345;1
1FC8;0;0395 0300;1
1FC9;0;0388;0
1FCA;0;0397 0300;1
1FCB;0;0389;0
1FCC;0;0397 0345;1
1FCD;0;1FBF 0300;1
1FCE;0;1FBF 0301;1
1FCF;0;1FBF 0342;1
1FD0;0;03B9 0306;1
1FD1;0;03B9 0304;1
1FD2;0;03CA 0300;1
1FD3;0;0390;0
1FD6;0;03B9 0342;1
1FD7;0;03CA 0342;1
1FD8;0;0399 0306;1
1FD9;0;0399 0304;1
1FDA;0;0399 0300;1
1FDB;0;038A;0
1FDD;0;1FFE 0300;1
1FDE;0;1FFE 0301;1
1FDF;0;1FFE 0342;1
1FE0;0;03C5 0306;1
1FE1;0;03C5 0304;1
1FE2;0;03CB 0300;1
1FE3;0;03B0;0
1FE4;0;03C1 0313;1
1FE5;0;03C1 0314;1
1FE6;0;03C5 0342;1
1FE7;0;03CB 0342;1
1FE8;0;03A5 0306;1
1FE9;0;03A5 0304;1
1FEA;0;03A5 0300;1
1FEB;0;038E;0
1FEC;0;03A1 0314;1
1FED;0;00A8 0300;1
1FEE;0;0385;0
1FEF;0;0060;0
1FF2;0;1F7C 0345;1
1FF3;0;03C9 0345;1
1FF4;0;03CE 0345;1
1FF6;0;03C9 0342;1
1FF7;0;1FF6 0345;1
1FF8;0;039F 0300;1
1FF9;0;038C;0
1FFA;0;03A9 0300;1
1FFB;0;038F;0
1FFC;0;03A9 0345;1
1FFD;0;00B4;0
2000;0;2002;0
2001;0;2003;0
20D0;230;;0
20D1;230;;0
20D2;1;;0
20D3;1;;0
20D4;230;;0
20D5;230;;0
20D6;230;;0
20D7;230;;0
20D8;1;;0
20D9;1;;0
20DA;1;;0
20DB;230;;0
20DC;230;;0
20E1;230;;0
20E5;1;;0
20E6;1;;0
20E7;230;;0
20E8;220;;0
20E9;230;;0
20EA;1;;0
20EB;1;;0
20EC;220;;0
20ED;220;;0
20EE;220;;0
20EF;220;;0
20F0;230;;0
2126;0;03A9;0
212A;0;004B;0
212B;0;00C5;0
219A;0;2190 0338;1
219B;0;2192 0338;1
21AE;0;2194 0338;1
21CD;0;21D0 0338;1
21CE;0;21D4 0338;1
21CF;0;21D2 0338;1
2204;0;2203 0338;1
2209;0;2208 0338;1
220C;0;220B 0338;1
2224;0;2223 0338;1
2226;0;2225 0338;1
2241;0;223C 0338;1
2244;0;2243 0338;1
2247;0;2245 0338;1
2249;0;2248 0338;1
2260;0;003D 0338;1
2262;0;2261 0338;1
226D;0;224D 0338;1
226E;0;003C 0338;1
226F;0;003E 0338;1
2270;0;2264 0338;1
2271;0;2265 0338;1
2274;0;2272 0338;1
2275;0;2273 0338;1
2278;0;2276 0338;1
2279;0;2277 0338;1
2280;0;227A 0338;1
2281;0;227B 0338;1
2284;0;2282 0338;1
2285;0;2283 0338;1
2288;0;2286 0338;1
2289;0;2287 0338;1
22AC;0;22A2 0338;1
22AD;0;22A8 0338;1
22AE;0;22A9 0338;1
22AF;0;22AB 0338;1
22E0;0;227C 0338;1
22E1;0;227D 0338;1
22E2;0;2291 0338;1
22E3;0;2292 0338;1
22EA;0;22B2 0338;1
22EB;0;22B3 0338;1
22EC;0;22B4 0338;1
22ED;0;22B5 0338;1
2329;0;3008;0
232A;0;3009;0
2ADC;0;2ADD 0338;0
2CEF;230;;0
2CF0;230;;0
2CF1;230;;0
2D7F;9;;0
2DE0;230;;0
2DE1;230;;0
2DE2;230;;0
2DE3;230;;0
2DE4;230;;0
2DE5;230;;0
2DE6;230;;0
2DE7;230;;0
2DE8;230;;0
2DE9;230;;0
2DEA;230;;0
2DEB;230;;0
2DEC;230;;0
2DED;230;;0
2DEE;230;;0
2DEF;230;;0
2DF0;230;;0
2DF1;230;;0
2DF2;230;;0
2DF3;230;;0
2DF4;230;;0
2DF5;230;;0
2DF6;230;;0
2DF7;230;;0
2DF8;230;;0
2DF9;230;;0
2DFA;230;;0
2DFB;230;;0
2DFC;230;;0
2DFD;230;;0
2DFE;230;;0
2DFF;230;;0
302A;218;;0
302B;228;;0
302C;232;;0
302D;222;;0
302E;224;;0
302F;224;;0
304C;0;304B 3099;1
304E;0;304D 3099;1
3050;0;304F 3099;1
3052;0;3051 3099;1
3054;0;3053 3099;1
3056;0;3055 3099;1
3058;0;3057 3099;1
305A;0;3059 3099;1
305C;0;305B 3099;1
305E;0;305D 3099;1
3060;0;305F 3099;1
3062;0;3061 3099;1
3065;0;3064 3099;1
3067;0;3066 3099;1
3069;0;3068 3099;1
3070;0;306F 3099;1
3071;0;306F 309A;1
3073;0;3072 3099;1
3074;0;3072 309A;1
3076;0;3075 3099;1
3077;0;3075 309A;1
3079;0;3078 3099;1
307A;0;3078 309A;1
307C;0;307B 3099;1
307D;0;307B 309A;1
3094;0;3046 3099;1
3099;8;;0
309A;8;;0
309E;0;309D 3099;1
30AC;0;30AB 3099;1
30AE;0;30AD 3099;1
30B0;0;30AF 3099;1
30B2;0;30B1 3099;1
30B4;0;30B3 3099;1
30B6;0;30B5 3099;1
30B8;0;30B7 3099;1
30BA;0;30B9 3099;1
30BC;0;30BB 3099;1
30BE;0;30BD 3099;1
30C0;0;30BF 3099;1
30C2;0;30C1 3099;1
30C5;0;30C4 3099;1
30C7;0;30C6 3099;1
30C9;0;30C8 3099;1
30D0;0;30CF 3099;1
30D1;0;30CF 309A;1
30D3;0;30D2 3099;1
30D4;0;30D2 309A;1
30D6;0;30D5 3099;1
30D7;0;30D5 309A;1
30D9;0;30D8 3099;1
30DA;0;30D8 309A;1
30DC;0;30DB 3099;1
30DD;0;30DB 309A;1
30F4;0;30A6 3099;1
30F7;0;30EF 3099;1
30F8;0;30F0 3099;1
30F9;0;30F1 3099;1
30FA;0;30F2 3099;1
30FE;0;30FD 3099;1
A66F;230;;0
A674;230;;0
A675;230;;0
A676;230;;0
A677;230;;0
A678;230;;0
A679;230;;0
A67A;230;;0
A67B;230;;0
A67C;230;;0
A67D;230;;0
A69E;230;;0
A69F;230;;0
A6F0;230;;0
A6F1;230;;0
A806;9;;0
A82C;9;;0
A8C4;9;;0
A8E0;230;;0
A8E1;230;;0
A8E2;230;;0
A8E3;230;;0
A8E4;230;;0
A8E5;230;;0
A8E6;230;;0
A8E7;230;;0
A8E8;230;;0
A8E9;230;;0
A8EA;230;;0
A8EB;230;;0
A8EC;230;;0
A8ED;230;;0
A8EE;230;;0
A8EF;230;;0
A8F0;230;;0
A8F1;230;;0
A92B;220;;0
A92C;220;;0
A92D;220;;0
A953;9;;0
A9B3;7;;0
A9C0;9;;0
AAB0;230;;0
AAB2;230;;0
AAB3;230;;0
AAB4;220;;0
AAB7;230;;0
AAB8;230;;0
AABE;230;;0
AABF;230;;0
AAC1;230;;0
AAF6;9;;0
ABED;9;;0
F900;0;8C48;0
F901;0;66F4;0
F902;0;8ECA;0
F903;0;8CC8;0
F904;0;6ED1;0
F905;0;4E32;0
F906;0;53E5;0
F907;0;9F9C;0
F908;0;9F9C;0
F909;0;5951;0
F90A;0;91D1;0
F90B;0;5587;0
F90C;0;5948;0
F90D;0;61F6;0
F90E;0;7669;0
F90F;0;7F85;0
F910;0;863F;0
F911;0;87BA;0
F912;0;88F8;0
F913;0;908F;0
F914;0;6A02;0
F915;0;6D1B;0
F916;0;70D9;0
F917;0;73DE;0
F918;0;843D;0
F919;0;916A;0
F91A;0;99F1;0
F91B;0;4E82;0
F91C;0;5375;0
F91D;0;6B04;0
F91E;0;721B;0
F91F;0;862D;0
F920;0;9E1E;0
F921;0;5D50;0
F922;0;6FEB;0
F923;0;85CD;0
F924;0;8964;0
F925;0;62C9;0
F926;0;81D8;0
F927;0;881F;0
F928;0;5ECA;0
F929;0;6717;0
F92A;0;6D6A;0
F92B;0;72FC;0
F92C;0;90CE;0
F92D;0;4F86;0
F92E;0;51B7;0
F92F;0;52DE;0
F930;0;64C4;0
F931;0;6AD3;0
F932;0;7210;0
F933;0;76E7;0
F934;0;8001;0
F935;0;8606;0
F936;0;865C;0
F937;0;8DEF;0
F938;0;9732;0
F939;0;9B6F;0
F93A;0;9DFA;0
F93B;0;788C;0
F93C;0;797F;0
F93D;0;7DA0;0
F93E;0;83C9;0
F93F;0;9304;0
F940;0;9E7F;0
F941;0;8AD6;0
F942;0;58DF;0
F943;0;5F04;0
F944;0;7C60;0
F945;0;807E;0
F946;0;7262;0
F947;0;78CA;0
F948;0;8CC2;0
F949;0;96F7;0
F94A;0;58D8;0
F94B;0;5C62;0
F94C;0;6A13;0
F94D;0;6DDA;0
F94E;0;6F0F;0
F94F;0;7D2F;0
F950;0;7E37;0
F951;0;964B;0
F952;0;52D2;0
F953;0;808B;0
F954;0;51DC;0
F955;0;51CC;0
F956;0;7A1C;0
F957;0;7DBE;0
F958;0;83F1;0
F959;0;9675;0
F95A;0;8B80;0
F95B;0;62CF;0
F95C;0;6A02;0
F95D;0;8AFE;0
F95E;0;4E39;0
F95F;0;5BE7;0
F960;0;6012;0
F961;0;7387;0
F962;0;7570;0
F963;0;5317;0
F964;0;78FB;0
F965;0;4FBF;0
F966;0;5FA9;0
F967;0;4E0D;0
F968;0;6CCC;0
F969;0;6578;0
F96A;0;7D22;0
F96B;0;53C3;0
F96C;0;585E;0
F96D;0;7701;0
F96E;0;8449;0
F96F;0;8AAA;0
F970;0;6BBA;0
F971;0;8FB0;0
F972;0;6C88;0
F973;0;62FE;0
F974;0;82E5;0
F975;0;63A0;0
F976;0;7565;0
F977;0;4EAE;0
F978;0;5169;0
F979;0;51C9;0
F97A;0;6881;0
F97B;0;7CE7;0
F97C;0;826F;0
F97D;0;8AD2;0
F97E;0;91CF;0
F97F;0;52F5;0
F980;0;5442;0
F981;0;5973;0
F982;0;5EEC;0
F983;0;65C5;0
F984;0;6FFE;0
F985;0;792A;0
F986;0;95AD;0
F987;0;9A6A;0
F988;0;9E97;0
F989;0;9ECE;0
F98A;0;529B;0
F98B;0;66C6;0
F98C;0;6B77;0
F98D;0;8F62;0
F98E;0;5E74;0
F98F;0;6190;0
F990;0;6200;0
F991;0;649A;0
F992;0;6F23;0
F993;0;7149;0
F994;0;7489;0
F995;0;79CA;0
F996;0;7DF4;0
F997;0;806F;0
F998;0;8F26;0
F999;0;84EE;0
F99A;0;9023;0
F99B;0;934A;0
F99C;0;5217;0
F99D;0;52A3;0
F99E;0;54BD;0
F99F;0;70C8;0
F9A0;0;88C2;0
F9A1;0;8AAA;0
F9A2;0;5EC9;0
F9A3;0;5FF5;0
F9A4;0;637B;0
F9A5;0;6BAE;0
F9A6;0;7C3E;0
F9A7;0;7375;0
F9A8;0;4EE4;0
F9A9;0;56F9;0
F9AA;0;5BE7;0
F9AB;0;5DBA;0
F9AC;0;601C;0
F9AD;0;73B2;0
F9AE;0;7469;0
F9AF;0;7F9A;0
F9B0;0;8046;0
F9B1;0;9234;0
F9B2;0;96F6;0
F9B3;0;9748;0
F9B4;0;9818;0
F9B5;0;4F8B;0
F9B6;0;79AE;0
F9B7;0;91B4;0
F9B8;0;96B8;0
F9B9;0;60E1;0
F9BA;0;4E86;0
F9BB;0;50DA;0
F9BC;0;5BEE;0
F9BD;0;5C3F;0
F9BE;0;6599;0
F9BF;0;6A02;0
F9C0;0;71CE;0
F9C1;0;7642;0
F9C2;0;84FC;0
F9C3;0;907C;0
F9C4;0;9F8D;0
F9C5;0;6688;0
F9C6;0;962E;0
F9C7;0;5289;0
F9C8;0;677B;0
F9C9;0;67F3;0
F9CA;0;6D41;0
F9CB;0;6E9C;0
F9CC;0;7409;0
F9CD;0;7559;0
F9CE;0;786B;0
F9CF;0;7D10;0
F9D0;0;985E;0
F9D1;0;516D;0
F9D2;0;622E;0
F9D3;0;9678;0
F9D4;0;502B;0
F9D5;0;5D19;0
F9D6;0;6DEA;0
F9D7;0;8F2A;0
F9D8;0;5F8B;0
F9D9;0;6144;0
F9DA;0;6817;0
F9DB;0;7387;0
F9DC;0;9686;0
F9DD;0;5229;0
F9DE;0;540F;0
F9DF;0;5C65;0
F9E0;0;6613;0
F9E1;0;674E;0
F9E2;0;68A8;0
F9E3;0;6CE5;0
F9E4;0;7406;0
F9E5;0;75E2;0
F9E6;0;7F79;0
F9E7;0;88CF;0
F9E8;0;88E1;0
F9E9;0;91CC;0
F9EA;0;96E2;0
F9EB;0;533F;0
F9EC;0;6EBA;0
F9ED;0;541D;0
F9EE;0;71D0;0
F9EF;0;7498;0
F9F0;0;85FA;0
F9F1;0;96A3;0
F9F2;0;9C57;0
F9F3;0;9E9F;0
F9F4;0;6797;0
F9F5;0;6DCB;0
F9F6;0;81E8;0
F9F7;0;7ACB;0
F9F8;0;7B20;0
F9F9;0;7C92;0
F9FA;0;72C0;0
F9FB;0;7099;0
F9FC;0;8B58;0
F9FD;0;4EC0;0
F9FE;0;8336;0
F9FF;0;523A;0
FA00;0;5207;0
FA01;0;5EA6;0
FA02;0;62D3;0
FA03;0;7CD6;0
FA04;0;5B85;0
FA05;0;6D1E;0
FA06;0;66B4;0
FA07;0;8F3B;0
FA08;0;884C;0
FA09;0;964D;0
FA0A;0;898B;0
FA0B;0;5ED3;0
FA0C;0;5140;0
FA0D;0;55C0;0
FA10;0;585A;0
FA12;0;6674;0
FA15;0;51DE;0
FA16;0;732A;0
FA17;0;76CA;0
FA18;0;793C;0
FA19;0;795E;0
FA1A;0;7965;0
FA1B;0;798F;0
FA1C;0;9756;0
FA1D;0;7CBE;0
FA1E;0;7FBD;0
FA20;0;8612;0
FA22;0;8AF8;0
FA25;0;9038;0
FA26;0;90FD;0
FA2A;0;98EF;0
FA2B;0;98FC;0
FA2C;0;9928;0
FA2D;0;9DB4;0
FA2E;0;90DE;0
FA2F;0;96B7;0
FA30;0;4FAE;0
FA31;0;50E7;0
FA32;0;514D;0
FA33;0;52C9;0
FA34;0;52E4;0
FA35;0;5351;0
FA36;0;559D;0
FA37;0;5606;0
FA38;0;5668;0
FA39;0;5840;0
FA3A;0;58A8;0
FA3B;0;5C64;0
FA3C;0;5C6E;0
FA3D;0;6094;0
FA3E;0;6168;0
FA3F;0;618E;0
FA40;0;61F2;0
FA41;0;654F;0
FA42;0;65E2;0
FA43;0;6691;0
FA44;0;6885;0
FA45;0;6D77;0
FA46;0;6E1A;0
FA47;0;6F22;0
FA48;0;716E;0
FA49;0;722B;0
FA4A;0;7422;0
FA4B;0;7891;0
FA4C;0;793E;0
FA4D;0;7949;0
FA4E;0;7948;0
FA4F;0;7950;0
FA50;0;7956;0
FA51;0;795D;0
FA52;0;798D;0
FA53;0;798E;0
FA54;0;7A40;0
FA55;0;7A81;0
FA56;0;7BC0;0
FA57;0;7DF4;0
FA58;0;7E09;0
FA59;0;7E41;0
FA5A;0;7F72;0
FA5B;0;8005;0
FA5C;0;81ED;0
FA5D;0;8279;0
FA5E;0;8279;0
FA5F;0;8457;0
FA60;0;8910;0
FA61;0;8996;0
FA62;0;8B01;0
FA63;0;8B39;0
FA64;0;8CD3;0
FA65;0;8D08;0
FA66;0;8FB6;0
FA67;0;9038;0
FA68;0;96E3;0
FA69;0;97FF;0
FA6A;0;983B;0
FA6B;0;6075;0
FA6C;0;242EE;0
FA6D;0;8218;0
FA70;0;4E26;0
FA71;0;51B5;0
FA72;0;5168;0
FA73;0;4F80;0
FA74;0;5145;0
FA75;0;5180;0
FA76;0;52C7;0
FA77;0;52FA;0
FA78;0;559D;0
FA79;0;5555;0
FA7A;0;5599;0
FA7B;0;55E2;0
FA7C;0;585A;0
FA7D;0;58B3;0
FA7E;0;5944;0
FA7F;0;5954;0
FA80;0;5A62;0
FA81;0;5B28;0
FA82;0;5ED2;0
FA83;0;5ED9;0
FA84;0;5F69;0
FA85;0;5FAD;0
FA86;0;60D8;0
FA87;0;614E;0
FA88;0;6108;0
FA89;0;618E;0
FA8A;0;6160;0
FA8B;0;61F2;0
FA8C;0;6234;0
FA8D;0;63C4;0
FA8E;0;641C;0
FA8F;0;6452;0
FA90;0;6556;0
FA91;0;6674;0
FA92;0;6717;0
FA93;0;671B;0
FA94;0;6756;0
FA95;0;6B79;0
FA96;0;6BBA;0
FA97;0;6D41;0
FA98;0;6EDB;0
FA99;0;6ECB;0
FA9A;0;6F22;0
FA9B;0;701E;0
FA9C;0;716E;0
FA9D;0;77A7;0
FA9E;0;7235;0
FA9F;0;72AF;0
FAA0;0;732A;0
FAA1;0;7471;0
FAA2;0;7506;0
FAA3;0;753B;0
FAA4;0;761D;0
FAA5;0;761F;0
FAA6;0;76CA;0
FAA7;0;76DB;0
FAA8;0;76F4;0
FAA9;0;774A;0
FAAA;0;7740;0
FAAB;0;78CC;0
FAAC;0;7AB1;0
FAAD;0;7BC0;0
FAAE;0;7C7B;0
FAAF;0;7D5B;0
FAB0;0;7DF4;0
FAB1;0;7F3E;0
FAB2;0;8005;0
FAB3;0;8352;0
FAB4;0;83EF;0
FAB5;0;8779;0
FAB6;0;8941;0
FAB7;0;8986;0
FAB8;0;8996;0
FAB9;0;8ABF;0
FABA;0;8AF8;0
FABB;0;8ACB;0
FABC;0;8B01;0
FABD;0;8AFE;0
FABE;0;8AED;0
FABF;0;8B39;0
FAC0;0;8B8A;0
FAC1;0;8D08;0
FAC2;0;8F38;0
FAC3;0;9072;0
FAC4;0;9199;0
FAC5;0;9276;0
FAC6;0;967C;0
FAC7;0;96E3;0
FAC8;0;9756;0
FAC9;0;97DB;0
FACA;0;97FF;0
FACB;0;980B;0
FACC;0;983B;0
FACD;0;9B12;0
FACE;0;9F9C;0
FACF;0;2284A;0
FAD0;0;22844;0
FAD1;0;233D5;0
FAD2;0;3B9D;0
FAD3;0;4018;0
FAD4;0;4039;0
FAD5;0;25249;0
FAD6;0;25CD0;0
FAD7;0;27ED3;0
FAD8;0;9F43;0
FAD9;0;9F8E;0
FB1D;0;05D9 05B4;0
FB1E;26;;0
FB1F;0;05F2 05B7;0
FB2A;0;05E9 05C1;0
FB2B;0;05E9 05C2;0
FB2C;0;FB49 05C1;0
FB2D;0;FB49 05C2;0
FB2E;0;05D0 05B7;0
FB2F;0;05D0 05B8;0
FB30;0;05D0 05BC;0
FB31;0;05D1 05BC;0
FB32;0;05D2 05BC;0
FB33;0;05D3 05BC;0
FB34;0;05D4 05BC;0
FB35;0;05D5 05BC;0
FB36;0;05D6 05BC;0
FB38;0;05D8 05BC;0
FB39;0;05D9 05BC;0
FB3A;0;05DA 05BC;0
FB3B;0;05DB 05BC;0
FB3C;0;05DC 05BC;0
FB3E;0;05DE 05BC;0
FB40;0;05E0 05BC;0
FB41;0;05E1 05BC;0
FB43;0;05E3 05BC;0
FB44;0;05E4 05BC;0
FB46;0;05E6 05BC;0
FB47;0;05E7 05BC;0
FB48;0;05E8 05BC;0
FB49;0;05E9 05BC;0
FB4A;0;05EA 05BC;0
FB4B;0;05D5 05B9;0
FB4C;0;05D1 05BF;0
FB4D;0;05DB 05BF;0
FB4E;0;05E4 05BF;0
FE20;230;;0
FE21;230;;0
FE22;230;;0
FE23;230;;0
FE24;230;;0
FE25;230;;0
FE26;230;;0
FE27;220;;0
FE28;220;;0
FE29;220;;0
FE2A;220;;0
FE2B;220;;0
FE2C;220;;0
FE2D;220;;0
FE2E;230;;0
FE2F;230;;0
101FD;220;;0
102E0;220;;0
10376;230;;0
10377;230;;0
10378;230;;0
10379;230;;0
1037A;230;;0
105C9;0;105D2 0307;1
105E4;0;105DA 0307;1
10A0D;220;;0
10A0F;230;;0
10A38;230;;0
10A39;1;;0
10A3A;220;;0
10A3F;9;;0
10AE5;230;;0
10AE6;220;;0
10D24;230;;0
10D25;230;;0
10D26;230;;0
10D27;230;;0
10D69;230;;0
10D6A;230;;0
10D6B;230;;0
10D6C;230;;0
10D6D;230;;0
10EAB;230;;0
10EAC;230;;0
10EFD;220;;0
10EFE;220;;0
10EFF;220;;0
10F46;220;;0
10F47;220;;0
10F48;230;;0
10F49;230;;0
10F4A;230;;0
10F4B;220;;0
10F4C;230;;0
10F4D;220;;0
10F4E;220;;0
10F4F;220;;0
10F50;220;;0
10F82;230;;0
10F83;220;;0
10F84;230;;0
10F85;220;;0
11046;9;;0
11070;9;;0
1107F;9;;0
1109A;0;11099 110BA;1
1109C;0;1109B 110BA;1
110AB;0;110A5 110BA;1
110B9;9;;0
110BA;7;;0
11100;230;;0
11101;230;;0
11102;230;;0
1112E;0;11131 11127;1
1112F;0;11132 11127;1
11133;9;;0
11134;9;;0
11173;7;;0
111C0;9;;0
111CA;7;;0
11235;9;;0
11236;7;;0
112E9;7;;0
112EA;9;;0
1133B;7;;0
1133C;7;;0
1134B;0;11347 1133E;1
1134C;0;11347 11357;1
1134D;9;;0
11366;230;;0
11367;230;;0
11368;230;;0
11369;230;;0
1136A;230;;0
1136B;230;;0
1136C;230;;0
11370;230;;0
11371;230;;0
11372;230;;0
11373;230;;0
11374;230;;0
11383;0;11382 113C9;1
11385;0;11384 113BB;1
1138E;0;1138B 113C2;1
11391;0;11390 113C9;1
113C5;0;113C2 113C2;1
113C7;0;113C2 113B8;1
113C8;0;113C2 113C9;1
113CE;9;;0
113CF;9;;0
113D0;9;;0
11442;9;;0
11446;7;;0
1145E;230;;0
114BB;0;114B9 114BA;1
114BC;0;114B9 114B0;1
114BE;0;114B9 114BD;1
114C2;9;;0
114C3;7;;0
115BA;0;115B8 115AF;1
115BB;0;115B9 115AF;1
115BF;9;;0
115C0;7;;0
1163F;9;;0
116B6;9;;0
116B7;7;;0
1172B;9;;0
11839;9;;0
1183A;7;;0
11938;0;11935 11930;1
1193D;9;;0
1193E;9;;0
11943;7;;0
119E0;9;;0
11A34;9;;0
11A47;9;;0
11A99;9;;0
11C3F;9;;0
11D42;7;;0
11D44;9;;0
11D45;9;;0
11D97;9;;0
11F41;9;;0
11F42;9;;0
16121;0;1611E 1611E;1
16122;0;1611E 16129;1
16123;0;1611E 1611F;1
16124;0;16129 1611F;1
16125;0;1611E 16120;1
16126;0;16121 1611F;1
16127;0;16122 1611F;1
16128;0;16121 16120;1
1612F;9;;0
16AF0;1;;0
16AF1;1;;0
16AF2;1;;0
16AF3;1;;0
16AF4;1;;0
16B30;230;;0
16B31;230;;0
16B32;230;;0
16B33;230;;0
16B34;230;;0
16B35;230;;0
16B36;230;;0
16D68;0;16D67 16D67;1
16D69;0;16D63 16D67;1
16D6A;0;16D69 16D67;1
16FF0;6;;0
16FF1;6;;0
1BC9E;1;;0
1D15E;0;1D157 1D165;0
1D15F;0;1D158 1D165;0
1D160;0;1D15F 1D16E;0
1D161;0;1D15F 1D16F;0
1D162;0;1D15F 1D170;0
1D163;0;1D15F 1D171;0
1D164;0;1D15F 1D172;0
1D165;216;;0
1D166;216;;0
1D167;1;;0
1D168;1;;0
1D169;1;;0
1D16D;226;;0
1D16E;216;;0
1D16F;216;;0
1D170;216;;0
1D171;216;;0
1D172;216;;0
1D17B;220;;0
1D17C;220;;0
1D17D;220;;0
1D17E;220;;0
1D17F;220;;0
1D180;220;;0
1D181;220;;0
1D182;220;;0
1D185;230;;0
1D186;230;;0
1D187;230;;0
1D188;230;;0
1D189;230;;0
1D18A;220;;0
1D18B;220;;0
1D1AA;230;;0
1D1AB;230;;0
1D1AC;230;;0
1D1AD;230;;0
1D1BB;0;1D1B9 1D165;0
1D1BC;0;1D1BA 1D165;0
1D1BD;0;1D1BB 1D16E;0
1D1BE;0;1D1BC 1D16E;0
1D1BF;0;1D1BB 1D16F;0
1D1C0;0;1D1BC 1D16F;0
1D242;230;;0
1D243;230;;0
1D244;230;;0
1E000;230;;0
1E001;230;;0
1E002;230;;0
1E003;230;;0
1E004;230;;0
1E005;230;;0
1E006;230;;0
1E008;230;;0
1E009;230;;0
1E00A;230;;0
1E00B;230;;0
1E00C;230;;0
1E00D;230;;0
1E00E;230;;0
1E00F;230;;0
1E010;230;;0
1E011;230;;0
1E012;230;;0
1E013;230;;0
1E014;230;;0
1E015;230;;0
1E016;230;;0
1E017;230;;0
1E018;230;;0
1E01B;230;;0
1E01C;230;;0
1E01D;230;;0
1E01E;230;;0
1E01F;230;;0
1E020;230;;0
1E021;230;;0
1E023;230;;0
1E024;230;;0
1E026;230;;0
1E027;230;;0
1E028;230;;0
1E029;230;;0
1E02A;230;;0
1E08F;230;;0
1E130;230;;0
1E131;230;;0
1E132;230;;0
1E133;230;;0
1E134;230;;0
1E135;230;;0
1E136;230;;0
1E2AE;230;;0
1E2EC;230;;0
1E2ED;230;;0
1E2EE;230;;0
1E2EF;230;;0
1E4EC;232;;0
1E4ED;232;;0
1E4EE;220;;0
1E4EF;230;;0
1E5EE;230;;0
1E5EF;220;;0
1E8D0;220;;0
1E8D1;220;;0
1E8D2;220;;0
1E8D3;220;;0
1E8D4;220;;0
1E8D5;220;;0
1E8D6;220;;0
1E944;230;;0
1E945;230;;0
1E946;230;;0
1E947;230;;0
1E948;230;;0
1E949;230;;0
1E94A;7;;0
2F800;0;4E3D;0
2F801;0;4E38;0
2F802;0;4E41;0
2F803;0;20122;0
2F804;0;4F60;0
2F805;0;4FAE;0
2F806;0;4FBB;0
2F807;0;5002;0
2F808;0;507A;0
2F809;0;5099;0
2F80A;0;50E7;0
2F80B;0;50CF;0
2F80C;0;349E;0
2F80D;0;2063A;0
2F80E;0;514D;0
2F80F;0;5154;0
2F810;0;5164;0
2F811;0;5177;0
2F812;0;2051C;0
2F813;0;34B9;0
2F814;0;5167;0
2F815;0;518D;0
2F816;0;2054B;0
2F817;0;5197;0
2F818;0;51A4;0
2F819;0;4ECC;0
2F81A;0;51AC;0
2F81B;0;51B5;0
2F81C;0;291DF;0
2F81D;0;51F5;0
2F81E;0;5203;0
2F81F;0;34DF;0
2F820;0;523B;0
2F821;0;5246;0
2F822;0;5272;0
2F823;0;5277;0
2F824;0;3515;0
2F825;0;52C7;0
2F826;0;52C9;0
2F827;0;52E4;0
2F828;0;52FA;0
2F829;0;5305;0
2F82A;0;5306;0
2F82B;0;5317;0
2F82C;0;5349;0
2F82D;0;5351;0
2F82E;0;535A;0
2F82F;0;5373;0
2F830;0;537D;0
2F831;0;537F;0
2F832;0;537F;0
2F833;0;537F;0
2F834;0;20A2C;0
2F835;0;7070;0
2F836;0;53CA;0
2F837;0;53DF;0
2F838;0;20B63;0
2F839;0;53EB;0
2F83A;0;53F1;0
2F83B;0;5406;0
2F83C;0;549E;0
2F83D;0;5438;0
2F83E;0;5448;0
2F83F;0;5468;0
2F840;0;54A2;0
2F841;0;54F6;0
2F842;0;5510;0
2F843;0;5553;0
2F844;0;5563;0
2F845;0;5584;0
2F846;0;5584;0
2F847;0;5599;0
2F848;0;55AB;0
2F849;0;55B3;0
2F84A;0;55C2;0
2F84B;0;5716;0
2F84C;0;5606;0
2F84D;0;5717;0
2F84E;0;5651;0
2F84F;0;5674;0
2F850;0;5207;0
2F851;0;58EE;0
2F852;0;57CE;0
2F853;0;57F4;0
2F854;0;580D;0
2F855;0;578B;0
2F856;0;5832;0
2F857;0;5831;0
2F858;0;58AC;0
2F859;0;214E4;0
2F85A;0;58F2;0
2F85B;0;58F7;0
2F85C;0;5906;0
2F85D;0;591A;0
2F85E;0;5922;0
2F85F;0;5962;0
2F860;0;216A8;0
2F861;0;216EA;0
2F862;0;59EC;0
2F863;0;5A1B;0
2F864;0;5A27;0
2F865;0;59D8;0
2F866;0;5A66;0
2F867;0;36EE;0
2F868;0;36FC;0
2F869;0;5B08;0
2F86A;0;5B3E;0
2F86B;0;5B3E;0
2F86C;0;219C8;0
2F86D;0;5BC3;0
2F86E;0;5BD8;0
2F86F;0;5BE7;0
2F870;0;5BF3;0
2F871;0;21B18;0
2F872;0;5BFF;0
2F873;0;5C06;0
2F874;0;5F53;0
2F875;0;5C22;0
2F876;0;3781;0
2F877;0;5C60;0
2F878;0;5C6E;0
2F879;0;5CC0;0
2F87A;0;5C8D;0
2F87B;0;21DE4;0
2F87C;0;5D43;0
2F87D;0;21DE6;0
2F87E;0;5D6E;0
2F87F;0;5D6B;0
2F880;0;5D7C;0
2F881;0;5DE1;0
2F882;0;5DE2;0
2F883;0;382F;0
2F884;0;5DFD;0
2F885;0;5E28;0
2F886;0;5E3D;0
2F887;0;5E69;0
2F888;0;3862;0
2F889;0;22183;0
2F88A;0;387C;0
2F88B;0;5EB0;0
2F88C;0;5EB3;0
2F88D;0;5EB6;0
2F88E;0;5ECA;0
2F88F;0;2A392;0
2F890;0;5EFE;0
2F891;0;22331;0
2F892;0;22331;0
2F893;0;8201;0
2F894;0;5F22;0
2F895;0;5F22;0
2F896;0;38C7;0
2F897;0;232B8;0
2F898;0;261DA;0
2F899;0;5F62;0
2F89A;0;5F6B;0
2F89B;0;38E3;0
2F89C;0;5F9A;0
2F89D;0;5FCD;0
2F89E;0;5FD7;0
2F89F;0;5FF9;0
2F8A0;0;6081;0
2F8A1;0;393A;0
2F8A2;0;391C;0
2F8A3;0;6094;0
2F8A4;0;226D4;0
2F8A5;0;60C7;0
2F8A6;0;6148;0
2F8A7;0;614C;0
2F8A8;0;614E;0
2F8A9;0;614C;0
2F8AA;0;617A;0
2F8AB;0;618E;0
2F8AC;0;61B2;0
2F8AD;0;61A4;0
2F8AE;0;61AF;0
2F8AF;0;61DE;0
2F8B0;0;61F2;0
2F8B1;0;61F6;0
2F8B2;0;6210;0
2F8B3;0;621B;0
2F8B4;0;625D;0
2F8B5;0;62B1;0
2F8B6;0;62D4;0
2F8B7;0;6350;0
2F8B8;0;22B0C;0
2F8B9;0;633D;0
2F8BA;0;62FC;0
2F8BB;0;6368;0
2F8BC;0;6383;0
2F8BD;0;63E4;0
2F8BE;0;22BF1;0
2F8BF;0;6422;0
2F8C0;0;63C5;0
2F8C1;0;63A9;0
2F8C2;0;3A2E;0
2F8C3;0;6469;0
2F8C4;0;647E;0
2F8C5;0;649D;0
2F8C6;0;6477;0
2F8C7;0;3A6C;0
2F8C8;0;654F;0
2F8C9;0;656C;0
2F8CA;0;2300A;0
2F8CB;0;65E3;0
2F8CC;0;66F8;0
2F8CD;0;6649;0
2F8CE;0;3B19;0
2F8CF;0;6691;0
2F8D0;0;3B08;0
2F8D1;0;3AE4;0
2F8D2;0;5192;0
2F8D3;0;5195;0
2F8D4;0;6700;0
2F8D5;0;669C;0
2F8D6;0;80AD;0
2F8D7;0;43D9;0
2F8D8;0;6717;0
2F8D9;0;671B;0
2F8DA;0;6721;0
2F8DB;0;675E;0
2F8DC;0;6753;0
2F8DD;0;233C3;0
2F8DE;0;3B49;0
2F8DF;0;67FA;0
2F8E0;0;6785;0
2F8E1;0;6852;0
2F8E2;0;6885;0
2F8E3;0;2346D;0
2F8E4;0;688E;0
2F8E5;0;681F;0
2F8E6;0;6914;0
2F8E7;0;3B9D;0
2F8E8;0;6942;0
2F8E9;0;69A3;0
2F8EA;0;69EA;0
2F8EB;0;6AA8;0
2F8EC;0;236A3;0
2F8ED;0;6ADB;0
2F8EE;0;3C18;0
2F8EF;0;6B21;0
2F8F0;0;238A7;0
2F8F1;0;6B54;0
2F8F2;0;3C4E;0
2F8F3;0;6B72;0
2F8F4;0;6B9F;0
2F8F5;0;6BBA;0
2F8F6;0;6BBB;0
2F8F7;0;23A8D;0
2F8F8;0;21D0B;0
2F8F9;0;23AFA;0
2F8FA;0;6C4E;0
2F8FB;0;23CBC;0
2F8FC;0;6CBF;0
2F8FD;0;6CCD;0
2F8FE;0;6C67;0
2F8FF;0;6D16;0
2F900;0;6D3E;0
2F901;0;6D77;0
2F902;0;6D41;0
2F903;0;6D69;0
2F904;0;6D78;0
2F905;0;6D85;0
2F906;0;23D1E;0
2F907;0;6D34;0
2F908;0;6E2F;0
2F909;0;6E6E;0
2F90A;0;3D33;0
2F90B;0;6ECB;0
2F90C;0;6EC7;0
2F90D;0;23ED1;0
2F90E;0;6DF9;0
2F90F;0;6F6E;0
2F910;0;23F5E;0
2F911;0;23F8E;0
2F912;0;6FC6;0
2F913;0;7039;0
2F914;0;701E;0
2F915;0;701B;0
2F916;0;3D96;0
2F917;0;704A;0
2F918;0;707D;0
2F919;0;7077;0
2F91A;0;70AD;0
2F91B;0;20525;0
2F91C;0;7145;0
2F91D;0;24263;0
2F91E;0;719C;0
2F91F;0;243AB;0
2F920;0;7228;0
2F921;0;7235;0
2F922;0;7250;0
2F923;0;24608;0
2F924;0;7280;0
2F925;0;7295;0
2F926;0;24735;0
2F927;0;24814;0
2F928;0;737A;0
2F929;0;738B;0
2F92A;0;3EAC;0
2F92B;0;73A5;0
2F92C;0;3EB8;0
2F92D;0;3EB8;0
2F92E;0;7447;0
2F92F;0;745C;0
2F930;0;7471;0
2F931;0;7485;0
2F932;0;74CA;0
2F933;0;3F1B;0
2F934;0;7524;0
2F935;0;24C36;0
2F936;0;753E;0
2F937;0;24C92;0
2F938;0;7570;0
2F939;0;2219F;0
2F93A;0;7610;0
2F93B;0;24FA1;0
2F93C;0;24FB8;0
2F93D;0;25044;0
2F93E;0;3FFC;0
2F93F;0;4008;0
2F940;0;76F4;0
2F941;0;250F3;0
2F942;0;250F2;0
2F943;0;25119;0
2F944;0;25133;0
2F945;0;771E;0
2F946;0;771F;0
2F947;0;771F;0
2F948;0;774A;0
2F949;0;4039;0
2F94A;0;778B;0
2F94B;0;4046;0
2F94C;0;4096;0
2F94D;0;2541D;0
2F94E;0;784E;0
2F94F;0;788C;0
2F950;0;78CC;0
2F951;0;40E3;0
2F952;0;25626;0
2F953;0;7956;0
2F954;0;2569A;0
2F955;0;256C5;0
2F956;0;798F;0
2F957;0;79EB;0
2F958;0;412F;0
2F959;0;7A40;0
2F95A;0;7A4A;0
2F95B;0;7A4F;0
2F95C;0;2597C;0
2F95D;0;25AA7;0
2F95E;0;25AA7;0
2F95F;0;7AEE;0
2F960;0;4202;0
2F961;0;25BAB;0
2F962;0;7BC6;0
2F963;0;7BC9;0
2F964;0;4227;0
2F965;0;25C80;0
2F966;0;7CD2;0
2F967;0;42A0;0
2F968;0;7CE8;0
2F969;0;7CE3;0
2F96A;0;7D00;0
2F96B;0;25F86;0
2F96C;0;7D63;0
2F96D;0;4301;0
2F96E;0;7DC7;0
2F96F;0;7E02;0
2F970;0;7E45;0
2F971;0;4334;0
2F972;0;26228;0
2F973;0;26247;0
2F974;0;4359;0
2F975;0;262D9;0
2F976;0;7F7A;0
2F977;0;2633E;0
2F978;0;7F95;0
2F979;0;7FFA;0
2F97A;0;8005;0
2F97B;0;264DA;0
2F97C;0;26523;0
2F97D;0;8060;0
2F97E;0;265A8;0
2F97F;0;8070;0
2F980;0;2335F;0
2F981;0;43D5;0
2F982;0;80B2;0
2F983;0;8103;0
2F984;0;440B;0
2F985;0;813E;0
2F986;0;5AB5;0
2F987;0;267A7;0
2F988;0;267B5;0
2F989;0;23393;0
2F98A;0;2339C;0
2F98B;0;8201;0
2F98C;0;8204;0
2F98D;0;8F9E;0
2F98E;0;446B;0
2F98F;0;8291;0
2F990;0;828B;0
2F991;0;829D;0
2F992;0;52B3;0
2F993;0;82B1;0
2F994;0;82B3;0
2F995;0;82BD;0
2F996;0;82E6;0
2F997;0;26B3C;0
2F998;0;82E5;0
2F999;0;831D;0
2F99A;0;8363;0
2F99B;0;83AD;0
2F99C;0;8323;0
2F99D;0;83BD;0
2F99E;0;83E7;0
2F99F;0;8457;0
2F9A0;0;8353;0
2F9A1;0;83CA;0
2F9A2;0;83CC;0
2F9A3;0;83DC;0
2F9A4;0;26C36;0
2F9A5;0;26D6B;0
2F9A6;0;26CD5;0
2F9A7;0;452B;0
2F9A8;0;84F1;0
2F9A9;0;84F3;0
2F9AA;0;8516;0
2F9AB;0;273CA;0
2F9AC;0;8564;0
2F9AD;0;26F2C;0
2F9AE;0;455D;0
2F9AF;0;4561;0
2F9B0;0;26FB1;0
2F9B1;0;270D2;0
2F9B2;0;456B;0
2F9B3;0;8650;0
2F9B4;0;865C;0
2F9B5;0;8667;0
2F9B6;0;8669;0
2F9B7;0;86A9;0
2F9B8;0;8688;0
2F9B9;0;870E;0
2F9BA;0;86E2;0
2F9BB;0;8779;0
2F9BC;0;8728;0
2F9BD;0;876B;0
2F9BE;0;8786;0
2F9BF;0;45D7;0
2F9C0;0;87E1;0
2F9C1;0;8801;0
2F9C2;0;45F9;0
2F9C3;0;8860;0
2F9C4;0;8863;0
2F9C5;0;27667;0
2F9C6;0;88D7;0
2F9C7;0;88DE;0
2F9C8;0;4635;0
2F9C9;0;88FA;0
2F9CA;0;34BB;0
2F9CB;0;278AE;0
2F9CC;0;27966;0
2F9CD;0;46BE;0
2F9CE;0;46C7;0
2F9CF;0;8AA0;0
2F9D0;0;8AED;0
2F9D1;0;8B8A;0
2F9D2;0;8C55;0
2F9D3;0;27CA8;0
2F9D4;0;8CAB;0
2F9D5;0;8CC1;0
2F9D6;0;8D1B;0
2F9D7;0;8D77;0
2F9D8;0;27F2F;0
2F9D9;0;20804;0
2F9DA;0;8DCB;0
2F9DB;0;8DBC;0
2F9DC;0;8DF0;0
2F9DD;0;208DE;0
2F9DE;0;8ED4;0
2F9DF;0;8F38;0
2F9E0;0;285D2;0
2F9E1;0;285ED;0
2F9E2;0;9094;0
2F9E3;0;90F1;0
2F9E4;0;9111;0
2F9E5;0;2872E;0
2F9E6;0;911B;0
2F9E7;0;9238;0
2F9E8;0;92D7;0
2F9E9;0;92D8;0
2F9EA;0;927C;0
2F9EB;0;93F9;0
2F9EC;0;9415;0
2F9ED;0;28BFA;0
2F9EE;0;958B;0
2F9EF;0;4995;0
2F9F0;0;95B7;0
2F9F1;0;28D77;0
2F9F2;0;49E6;0
2F9F3;0;96C3;0
2F9F4;0;5DB2;0
2F9F5;0;9723;0
2F9F6;0;29145;0
2F9F7;0;2921A;0
2F9F8;0;4A6E;0
2F9F9;0;4A76;0
2F9FA;0;97E0;0
2F9FB;0;2940A;0
2F9FC;0;4AB2;0
2F9FD;0;29496;0
2F9FE;0;980B;0
2F9FF;0;980B;0
2FA00;0;9829;0
2FA01;0;295B6;0
2FA02;0;98E2;0
2FA03;0;4B33;0
2FA04;0;9929;0
2FA05;0;99A7;0
2FA06;0;99C2;0
2FA07;0;99FE;0
2FA08;0;4BCE;0
2FA09;0;29B30;0
2FA0A;0;9B12;0
2FA0B;0;9C40;0
2FA0C;0;9CFD;0
2FA0D;0;4CCE;0
2FA0E;0;4CED;0
2FA0F;0;9D67;0
2FA10;0;2A0CE;0
2FA11;0;4CF8;0
2FA12;0;2A105;0
2FA13;0;2A20E;0
2FA14;0;2A291;0
2FA15;0;9EBB;0
2FA16;0;4D56;0
2FA17;0;9EF9;0
2FA18;0;9EFE;0
2FA19;0;9F05;0
2FA1A;0;9F0F;0
2FA1B;0;9F16;0
2FA1C;0;9F3B;0
2FA1D;0;2A600;0
